% Schoen14_100_2

function y = Schoen14_100(x)

StatPoint = [...
8.7515823928835057e-001		1.5870701020664199e-001		3.4925706838981406e-002		6.2505943432946021e-001		2.3387647161895439e-001		8.3393681679816078e-001		2.3080158940138881e-001		2.3458668597028601e-001		4.2672389423198409e-001		1.0135283627108015e-001		7.5701869214061723e-001		3.4953858616878369e-001		7.4241071571104311e-001		6.4805261735590036e-002		
3.1789928098897990e-001		1.2740024436264871e-001		4.4536679043562361e-001		1.6870506251243058e-002		3.0082613693844462e-001		6.4272996842442687e-001		1.3018929503238266e-001		9.3555443907592750e-001		9.7621594318334770e-001		4.2593947239915747e-001		6.5609894149249903e-001		7.5413061609227694e-001		2.3881169092911686e-001		7.0044879870057974e-002		
2.7323418728575988e-001		5.0353739250422046e-002		6.2929654088237363e-001		9.1060592790331185e-001		8.6139506016863354e-001		4.5175070315211235e-001		2.2976298169222917e-001		3.4512468719330525e-001		8.7851580487352632e-001		4.6288771150405505e-001		9.3000805425740340e-001		6.3091916681339077e-001		4.6930959040615899e-003		6.4040938488067367e-001		
6.7650227666915452e-001		9.1499124673217225e-001		6.1650704783678389e-001		3.3537699810984839e-001		5.2762472245912695e-001		3.1409628420081759e-001		2.8580972780477015e-001		7.9416283402768406e-001		8.3962281080067513e-001		9.9217164342742892e-001		3.8809999884265606e-001		4.4141126252397356e-001		7.5090329484842289e-001		5.6479946572099859e-001		
7.1170799875987595e-002		7.3056302822038621e-001		4.2578141957737611e-002		9.4654828799203491e-002		7.1826565382160246e-001		4.3288556494354646e-001		3.6165615259932654e-001		7.0430562462070023e-001		7.8828735739295996e-001		4.9399016426279596e-001		4.2179917059815103e-001		9.7235023897239525e-001		8.8877412914054632e-001		6.7795727518277060e-001		
1.9659093388292798e-001		1.7669767145907192e-001		4.5510375648894730e-001		9.1236475450455623e-001		7.9480914681340320e-001		3.3188516640337989e-001		4.6542444592832544e-001		1.4735196033466608e-001		1.9582089532830591e-001		8.2515894482487329e-001		6.1862862810335240e-001		7.3547338883056290e-001		1.3592636597834950e-002		3.1436717143985887e-001		
5.2907859098536181e-001		9.2529489938460907e-001		2.8678623940504300e-001		8.8469529641012970e-002		4.5070554054076162e-001		7.3519422664385159e-001		1.5411639897626656e-001		5.2582611487033226e-001		9.4353213222867383e-001		4.0504159636790732e-001		1.0744977249443541e-001		3.1084523108531736e-001		7.0262926348217083e-002		1.2742190855535188e-001		
1.7175609799381211e-001		6.0150082067627975e-001		5.4850838462322860e-001		2.5150534083612508e-001		2.8059801054612188e-001		9.8736557841221650e-001		8.7337238222395241e-001		2.7079794749211672e-001		4.5186138035132417e-001		2.6071979087591451e-001		3.0455533879152202e-001		1.6938301506928100e-001		6.5967075072837489e-001		7.6705983191301064e-001		
8.6996268200258242e-001		2.9367682686267338e-001		6.3221815990511487e-001		7.8790999438660880e-001		5.3822270671394001e-001		3.8606228921989999e-001		8.5447018530552565e-001		1.6064838123242620e-001		9.9387850536112710e-001		9.1313713397062846e-001		8.6946328305175735e-001		8.2270212594380454e-001		8.3271570746238788e-001		9.5168640863234599e-001		
2.4368725620958970e-001		5.8282021692362784e-001		6.6076951533144290e-001		9.7590686407884009e-001		8.0315703389629989e-001		3.1471212312456603e-001		4.4190952606808176e-001		8.4398599460546753e-001		4.7926324340454690e-001		3.8068527679375480e-001		7.5542263055925030e-001		4.9151233973461550e-001		1.6984489158377916e-001		4.2450686963685080e-001		
8.4291489128694130e-001		6.9903920031434097e-001		8.6917509985816177e-001		1.8960737005123407e-001		6.9516675455348209e-001		9.9643024473618613e-001		4.7943833145876558e-001		8.0715572731269247e-001		1.5697968514772043e-001		9.8864854869551066e-001		8.3216560354594682e-001		7.2679980266902378e-001		3.3388168746371105e-001		1.0555674877025314e-001		
5.5765926468200366e-001		2.2061365354579346e-001		3.5728380642918744e-001		3.3632687703364489e-001		1.0691279665507371e-001		7.4399284980811650e-002		7.4897835974243865e-001		4.5863104138755056e-001		5.1729085008361531e-001		7.2792434438328246e-001		1.2907248524806619e-001		7.3833899900864486e-001		7.0826587896618798e-001		8.9809147486388174e-001		
3.5681262141695597e-001		3.2585649354784707e-001		7.1684346031614010e-001		9.2974779632379756e-001		8.2213437726899430e-001		4.8538817985688870e-001		9.7740987404574864e-001		2.6207330807871812e-002		3.3033892289233785e-001		1.7677424658380875e-002		6.2593221980160013e-002		6.3667736103145500e-001		6.6026204893261731e-001		9.8872885512815045e-001		
2.3239683669958136e-001		3.8061207702141703e-001		5.2154365322660967e-001		8.3234260226357693e-001		5.2648661215869075e-001		4.1098253840591298e-001		9.4285238040550234e-001		3.8229041453445539e-001		1.6570551466160241e-001		8.3015822781019544e-001		3.5335192907733814e-001		9.9153424339357732e-001		7.0517591724612849e-001		8.9771420852930517e-001		
6.4760203476334743e-001		8.1541336382251561e-001		4.3617397444260209e-001		3.3051677172498589e-001		5.6532528629473033e-001		7.3625829697724199e-001		3.0516942114076984e-001		1.9053311939591083e-001		1.0616375311629653e-001		8.1704243606182836e-001		9.4002335005183491e-001		8.4591468563251268e-002		5.5987259647268461e-001		8.7755917800779393e-001		
9.9266459004047536e-001		8.7281259286582202e-002		7.3375056407357961e-002		2.7325516727012938e-001		5.3586572695751700e-001		8.1259701671786300e-001		6.0145406154678360e-001		3.7123470557411886e-001		1.4561319872450090e-001		5.3903698478000106e-001		1.9596766542817187e-001		6.9618270584817443e-001		4.3528162763488598e-001		3.8540976012169231e-001		
3.8455418360311888e-001		9.5866191573419202e-001		7.1721897562187675e-001		9.5567757303785295e-001		1.4879034425427512e-001		9.2829174333935685e-002		5.2699782219453495e-001		2.1949501306134112e-001		4.2310847375562247e-002		5.6073147997033645e-001		7.5823487820725843e-001		1.5521362828851001e-001		9.4367700071367333e-001		4.2431012404428736e-001		
1.4783897749933403e-001		8.3399832384045791e-001		7.5641693580893066e-002		3.5683398156865381e-001		3.6921104714919918e-002		8.0764567574932822e-001		9.0485045189821922e-002		6.1369439931187131e-001		8.4302059696943088e-001		1.7660787480527382e-001		3.0533991573798003e-001		3.8300925251852613e-001		9.3555499038408996e-001		6.1226157580290086e-001		
9.7163809757923414e-001		1.6118205233828911e-001		1.7390887585245896e-001		5.5801967630815230e-001		3.3936372715750496e-001		5.7775548842829272e-001		6.4779638107084303e-001		5.9944529776990696e-001		6.1480424377274601e-001		4.7235345090905057e-001		8.5892424210853802e-001		5.8374820677152839e-001		2.6952680755546116e-001		3.4174768369201769e-001		
2.1853551638151406e-001		1.1468738393907021e-001		4.5768446815751979e-001		2.4112261712612635e-002		2.3535804971855451e-001		7.3613218177915252e-001		9.6189866249378231e-001		1.8618006291514202e-001		4.0352391226089640e-001		7.1589978285748423e-001		1.1414425962440083e-001		5.6266969586954552e-001		2.7120998234658777e-001		8.7092398897815310e-002		
6.0752395671608606e-001		8.7559741877805441e-001		9.1618386939607865e-001		5.7871966569394462e-001		6.7643222127690139e-001		8.7216627919428491e-001		6.9696935079221456e-001		8.3383988456160918e-001		9.4426529947207877e-002		1.2505713299450413e-001		2.8575857038116309e-001		4.7795943053629875e-001		7.0426893522397715e-001		2.7089364060211375e-002		
5.6091956952669331e-001		7.8592930990731791e-001		7.2619715341585858e-002		8.8650677036657966e-001		3.2709504850697374e-001		9.3179977521672075e-001		7.4924703068894327e-001		4.5396534155338891e-001		6.3457738242870476e-001		5.7194480178663831e-001		4.8306951626531758e-001		4.0236036244032575e-002		2.8773470823796249e-001		4.0677791618026998e-001		
